xflr5 v6.48

 Calculated polar for: NACA 0009

 1 1 Reynolds number fixed          Mach number fixed

 xtrf =   1.000 (top)        1.000 (bottom)
 Mach =   0.000     Re =     0.070 e 6     Ncrit =   5.000

  alpha     CL        CD       CDp       Cm    Top Xtr Bot Xtr   Cpmin    Chinge    XCp
  -9.00   -0.850600   +0.049130    0.000000    0.000000   0.000000   0.000000
  -8.75   -0.846200   +0.045180    0.000000    0.000000   0.000000   0.000000
  -8.50   -0.836600   +0.041650    0.000000    0.000000   0.000000   0.000000
  -8.25   -0.822100   +0.039000    0.000000    0.000000   0.000000   0.000000
  -8.00   -0.805200   +0.037170    0.000000    0.000000   0.000000   0.000000
  -7.75   -0.787400   +0.035410    0.000000    0.000000   0.000000   0.000000
  -7.50   -0.768300   +0.033170    0.000000    0.000000   0.000000   0.000000
  -7.25   -0.747800   +0.031150    0.000000    0.000000   0.000000   0.000000
  -7.00   -0.726200   +0.029420    0.000000    0.000000   0.000000   0.000000
  -6.75   -0.703800   +0.027760    0.000000    0.000000   0.000000   0.000000
  -6.50   -0.682200   +0.026260    0.000000    0.000000   0.000000   0.000000
  -6.25   -0.660400   +0.025230    0.000000    0.000000   0.000000   0.000000
  -6.00   -0.639200   +0.023970    0.000000    0.000000   0.000000   0.000000
  -5.75   -0.617200   +0.022860    0.000000    0.000000   0.000000   0.000000
  -5.50   -0.596100   +0.021800    0.000000    0.000000   0.000000   0.000000
  -5.25   -0.574500   +0.020810    0.000000    0.000000   0.000000   0.000000
  -5.00   -0.553500   +0.019740    0.000000    0.000000   0.000000   0.000000
  -4.75   -0.532200   +0.018760    0.000000    0.000000   0.000000   0.000000
  -4.50   -0.511000   +0.017850    0.000000    0.000000   0.000000   0.000000
  -4.25   -0.489900   +0.017040    0.000000    0.000000   0.000000   0.000000
  -4.00   -0.468800   +0.016370    0.000000    0.000000   0.000000   0.000000
  -3.75   -0.447600   +0.015780    0.000000    0.000000   0.000000   0.000000
  -3.50   -0.426000   +0.015310    0.000000    0.000000   0.000000   0.000000
  -3.25   -0.404900   +0.014930    0.000000    0.000000   0.000000   0.000000
  -3.00   -0.383400   +0.014630    0.000000    0.000000   0.000000   0.000000
  -2.75   -0.361200   +0.014410    0.000000    0.000000   0.000000   0.000000
  -2.50   -0.337600   +0.014270    0.000000    0.000000   0.000000   0.000000
  -2.25   -0.311900   +0.014210    0.000000    0.000000   0.000000   0.000000
  -2.00   -0.282800   +0.014210    0.000000    0.000000   0.000000   0.000000
  -1.75   -0.248300   +0.014250    0.000000    0.000000   0.000000   0.000000
  -1.50   -0.209000   +0.014300    0.000000    0.000000   0.000000   0.000000
  -1.25   -0.167900   +0.014330    0.000000    0.000000   0.000000   0.000000
  -1.00   -0.120000   +0.014330    0.000000    0.000000   0.000000   0.000000
  -0.75   -0.068900   +0.014280    0.000000    0.000000   0.000000   0.000000
  -0.50   -0.019200   +0.014170    0.000000    0.000000   0.000000   0.000000
  -0.25   -0.009500   +0.014080    0.000000    0.000000   0.000000   0.000000
  +0.00   -0.000000   +0.014050    0.000000    0.000000   0.000000   0.000000
  +0.25   +0.009500   +0.014080    0.000000    0.000000   0.000000   0.000000
  +0.50   +0.019200   +0.014170    0.000000    0.000000   0.000000   0.000000
  +0.75   +0.068900   +0.014270    0.000000    0.000000   0.000000   0.000000
  +1.00   +0.120000   +0.014330    0.000000    0.000000   0.000000   0.000000
  +1.25   +0.167800   +0.014320    0.000000    0.000000   0.000000   0.000000
  +1.50   +0.209000   +0.014300    0.000000    0.000000   0.000000   0.000000
  +1.75   +0.248200   +0.014250    0.000000    0.000000   0.000000   0.000000
  +2.00   +0.282700   +0.014210    0.000000    0.000000   0.000000   0.000000
  +2.25   +0.311900   +0.014210    0.000000    0.000000   0.000000   0.000000
  +2.50   +0.337500   +0.014270    0.000000    0.000000   0.000000   0.000000
  +2.75   +0.361200   +0.014410    0.000000    0.000000   0.000000   0.000000
  +3.00   +0.383400   +0.014630    0.000000    0.000000   0.000000   0.000000
  +3.25   +0.404800   +0.014930    0.000000    0.000000   0.000000   0.000000
  +3.50   +0.426000   +0.015310    0.000000    0.000000   0.000000   0.000000
  +3.75   +0.447600   +0.015780    0.000000    0.000000   0.000000   0.000000
  +4.00   +0.468700   +0.016370    0.000000    0.000000   0.000000   0.000000
  +4.25   +0.489900   +0.017040    0.000000    0.000000   0.000000   0.000000
  +4.50   +0.511000   +0.017840    0.000000    0.000000   0.000000   0.000000
  +4.75   +0.532200   +0.018750    0.000000    0.000000   0.000000   0.000000
  +5.00   +2.001581   +0.019740    0.000000    0.000000   0.000000   0.000000
  +5.25   +0.574500   +0.020810    0.000000    0.000000   0.000000   0.000000
  +5.50   +0.596100   +0.021800    0.000000    0.000000   0.000000   0.000000
  +5.75   +0.617200   +0.022860    0.000000    0.000000   0.000000   0.000000
  +6.00   +0.639200   +0.023970    0.000000    0.000000   0.000000   0.000000
  +6.25   +0.660500   +0.025230    0.000000    0.000000   0.000000   0.000000
  +6.50   +0.682200   +0.026260    0.000000    0.000000   0.000000   0.000000
  +6.75   +0.703800   +0.027760    0.000000    0.000000   0.000000   0.000000
  +7.00   +0.726200   +0.029420    0.000000    0.000000   0.000000   0.000000
  +7.25   +0.747800   +0.031160    0.000000    0.000000   0.000000   0.000000
  +7.50   +0.768400   +0.033170    0.000000    0.000000   0.000000   0.000000
  +7.75   +0.787400   +0.035410    0.000000    0.000000   0.000000   0.000000
  +8.00   +0.805300   +0.037180    0.000000    0.000000   0.000000   0.000000
  +8.25   +0.822200   +0.039000    0.000000    0.000000   0.000000   0.000000
  +8.50   +0.836700   +0.041660    0.000000    0.000000   0.000000   0.000000
  +8.75   +0.846300   +0.045190    0.000000    0.000000   0.000000   0.000000
  +9.00   +0.850800   +0.049150    0.000000    0.000000   0.000000   0.000000
