xflr5 v6.48

 Calculated polar for: NACA 0009

 1 1 Reynolds number fixed          Mach number fixed

 xtrf =   1.000 (top)        1.000 (bottom)
 Mach =   0.000     Re =     0.050 e 6     Ncrit =   5.000

  alpha     CL        CD       CDp       Cm    Top Xtr Bot Xtr   Cpmin    Chinge    XCp
  -9.00   -0.825900   +0.056990    0.000000    0.000000   0.000000   0.000000
  -8.75   -0.825100   +0.053090    0.000000    0.000000   0.000000   0.000000
  -8.50   -0.811800   +0.051310    0.000000    0.000000   0.000000   0.000000
  -8.25   -0.802900   +0.048300    0.000000    0.000000   0.000000   0.000000
  -8.00   -0.792700   +0.044680    0.000000    0.000000   0.000000   0.000000
  -7.75   -0.778500   +0.041210    0.000000    0.000000   0.000000   0.000000
  -7.50   -0.760600   +0.038190    0.000000    0.000000   0.000000   0.000000
  -7.25   -0.740600   +0.035930    0.000000    0.000000   0.000000   0.000000
  -7.00   -0.719400   +0.033910    0.000000    0.000000   0.000000   0.000000
  -6.75   -0.698100   +0.032150    0.000000    0.000000   0.000000   0.000000
  -6.50   -0.676400   +0.030650    0.000000    0.000000   0.000000   0.000000
  -6.25   -0.652900   +0.028880    0.000000    0.000000   0.000000   0.000000
  -6.00   -0.630700   +0.027470    0.000000    0.000000   0.000000   0.000000
  -5.75   -0.609100   +0.026200    0.000000    0.000000   0.000000   0.000000
  -5.50   -0.587200   +0.024860    0.000000    0.000000   0.000000   0.000000
  -5.25   -2.655119   +0.023600    0.000000    0.000000   0.000000   0.000000
  -5.00   -0.544400   +0.022350    0.000000    0.000000   0.000000   0.000000
  -4.75   -0.524100   +0.021130    0.000000    0.000000   0.000000   0.000000
  -4.50   -0.504400   +0.020110    0.000000    0.000000   0.000000   0.000000
  -4.25   -0.485900   +0.019290    0.000000    0.000000   0.000000   0.000000
  -4.00   -0.467100   +0.018650    0.000000    0.000000   0.000000   0.000000
  -3.75   -0.447800   +0.018150    0.000000    0.000000   0.000000   0.000000
  -3.25   -0.406500   +0.017490    0.000000    0.000000   0.000000   0.000000
  -3.00   -0.383400   +0.017330    0.000000    0.000000   0.000000   0.000000
  -2.75   -0.356000   +0.017270    0.000000    0.000000   0.000000   0.000000
  -2.50   -0.323700   +0.017270    0.000000    0.000000   0.000000   0.000000
  -2.25   -0.289000   +0.017280    0.000000    0.000000   0.000000   0.000000
  -2.00   -0.243000   +0.017320    0.000000    0.000000   0.000000   0.000000
  -1.75   -0.195300   +0.017290    0.000000    0.000000   0.000000   0.000000
  -1.50   -0.142200   +0.017180    0.000000    0.000000   0.000000   0.000000
  -1.25   -0.087100   +0.016970    0.000000    0.000000   0.000000   0.000000
  -1.00   -0.047700   +0.016720    0.000000    0.000000   0.000000   0.000000
  -0.75   -0.035000   +0.016530    0.000000    0.000000   0.000000   0.000000
  -0.50   -0.023100   +0.016400    0.000000    0.000000   0.000000   0.000000
  -0.25   -0.011600   +0.016320    0.000000    0.000000   0.000000   0.000000
  +0.00   -0.000000   +0.016290    0.000000    0.000000   0.000000   0.000000
  +0.25   +0.011600   +0.016320    0.000000    0.000000   0.000000   0.000000
  +0.50   +0.023100   +0.016400    0.000000    0.000000   0.000000   0.000000
  +0.75   +0.035000   +0.016530    0.000000    0.000000   0.000000   0.000000
  +1.00   +0.047700   +0.016720    0.000000    0.000000   0.000000   0.000000
  +1.25   +0.087100   +0.016970    0.000000    0.000000   0.000000   0.000000
  +1.50   +0.142200   +0.017180    0.000000    0.000000   0.000000   0.000000
  +1.75   +0.195300   +0.017290    0.000000    0.000000   0.000000   0.000000
  +2.00   +0.243000   +0.017320    0.000000    0.000000   0.000000   0.000000
  +2.25   +0.289000   +0.017280    0.000000    0.000000   0.000000   0.000000
  +2.50   +0.323700   +0.017270    0.000000    0.000000   0.000000   0.000000
  +2.75   +0.356000   +0.017270    0.000000    0.000000   0.000000   0.000000
  +3.00   +0.383400   +0.017330    0.000000    0.000000   0.000000   0.000000
  +3.25   +0.406500   +0.017490    0.000000    0.000000   0.000000   0.000000
  +3.50   +0.427700   +0.017760    0.000000    0.000000   0.000000   0.000000
  +3.75   +0.447800   +0.018150    0.000000    0.000000   0.000000   0.000000
  +4.00   +0.467100   +0.018650    0.000000    0.000000   0.000000   0.000000
  +4.25   +0.485900   +0.019290    0.000000    0.000000   0.000000   0.000000
  +4.50   +0.504400   +0.020100    0.000000    0.000000   0.000000   0.000000
  +4.75   +0.524100   +0.021130    0.000000    0.000000   0.000000   0.000000
  +5.00   +0.544400   +0.022340    0.000000    0.000000   0.000000   0.000000
  +5.25   +0.565600   +0.023600    0.000000    0.000000   0.000000   0.000000
  +5.50   +0.587200   +0.024860    0.000000    0.000000   0.000000   0.000000
  +5.75   +0.609100   +0.026200    0.000000    0.000000   0.000000   0.000000
  +6.00   +0.630700   +0.027460    0.000000    0.000000   0.000000   0.000000
  +6.25   +0.652900   +0.028880    0.000000    0.000000   0.000000   0.000000
  +6.50   +0.676500   +0.030650    0.000000    0.000000   0.000000   0.000000
  +6.75   +0.698100   +0.032150    0.000000    0.000000   0.000000   0.000000
  +7.00   +0.719400   +0.033910    0.000000    0.000000   0.000000   0.000000
  +7.25   +0.740700   +0.035930    0.000000    0.000000   0.000000   0.000000
  +7.50   +0.760700   +0.038190    0.000000    0.000000   0.000000   0.000000
  +7.75   +0.778600   +0.041210    0.000000    0.000000   0.000000   0.000000
  +8.00   +0.792800   +0.044690    0.000000    0.000000   0.000000   0.000000
  +8.25   +0.803000   +0.048300    0.000000    0.000000   0.000000   0.000000
  +8.50   +0.812000   +0.051310    0.000000    0.000000   0.000000   0.000000
  +8.75   +0.825300   +0.053090    0.000000    0.000000   0.000000   0.000000
  +9.00   +0.826100   +0.057010    0.000000    0.000000   0.000000   0.000000
