xflr5 v6.48

 Calculated polar for: NACA 2412

 1 1 Reynolds number fixed          Mach number fixed

 xtrf =   1.000 (top)        1.000 (bottom)
 Mach =   0.000     Re =     0.100 e 6     Ncrit =   5.000

  alpha     CL        CD       CDp       Cm    Top Xtr Bot Xtr   Cpmin    Chinge    XCp
  -9.00   -0.749300   +0.036680    0.000000    0.000000   0.000000   0.000000
  -8.75   -0.740500   +0.034570    0.000000    0.000000   0.000000   0.000000
  -8.50   -0.729300   +0.032650    0.000000    0.000000   0.000000   0.000000
  -8.25   -0.715800   +0.030990    0.000000    0.000000   0.000000   0.000000
  -8.00   -0.701500   +0.029430    0.000000    0.000000   0.000000   0.000000
  -7.75   -0.685600   +0.028610    0.000000    0.000000   0.000000   0.000000
  -7.50   -0.668800   +0.027860    0.000000    0.000000   0.000000   0.000000
  -7.25   -0.651400   +0.026900    0.000000    0.000000   0.000000   0.000000
  -7.00   -0.633300   +0.025820    0.000000    0.000000   0.000000   0.000000
  -6.75   -0.615600   +0.024740    0.000000    0.000000   0.000000   0.000000
  -6.50   -0.596900   +0.023970    0.000000    0.000000   0.000000   0.000000
  -6.25   -0.577600   +0.023210    0.000000    0.000000   0.000000   0.000000
  -6.00   -0.557500   +0.022540    0.000000    0.000000   0.000000   0.000000
  -5.75   -0.530400   +0.021870    0.000000    0.000000   0.000000   0.000000
  -5.50   -0.493800   +0.021270    0.000000    0.000000   0.000000   0.000000
  -5.25   -0.460000   +0.020530    0.000000    0.000000   0.000000   0.000000
  -5.00   -0.423800   +0.019930    0.000000    0.000000   0.000000   0.000000
  -4.75   -0.388800   +0.019460    0.000000    0.000000   0.000000   0.000000
  -4.50   -0.354300   +0.018910    0.000000    0.000000   0.000000   0.000000
  -4.25   -0.316000   +0.018420    0.000000    0.000000   0.000000   0.000000
  -4.00   -0.284700   +0.017990    0.000000    0.000000   0.000000   0.000000
  -3.75   -0.248500   +0.017520    0.000000    0.000000   0.000000   0.000000
  -3.50   -0.209100   +0.017090    0.000000    0.000000   0.000000   0.000000
  -3.25   -0.180800   +0.016720    0.000000    0.000000   0.000000   0.000000
  -3.00   -0.145200   +0.016300    0.000000    0.000000   0.000000   0.000000
  -2.75   -0.113300   +0.015900    0.000000    0.000000   0.000000   0.000000
  -2.50   -0.084000   +0.015510    0.000000    0.000000   0.000000   0.000000
  -2.25   -0.050200   +0.015060    0.000000    0.000000   0.000000   0.000000
  -2.00   -0.023900   +0.014720    0.000000    0.000000   0.000000   0.000000
  -1.75   +0.006200   +0.014340    0.000000    0.000000   0.000000   0.000000
  -1.50   +0.035600   +0.014050    0.000000    0.000000   0.000000   0.000000
  -1.25   +0.061800   +0.013860    0.000000    0.000000   0.000000   0.000000
  -1.00   +0.095700   +0.013670    0.000000    0.000000   0.000000   0.000000
  -0.75   +0.127400   +0.013630    0.000000    0.000000   0.000000   0.000000
  -0.50   +0.168200   +0.013560    0.000000    0.000000   0.000000   0.000000
  -0.25   +0.210200   +0.013540    0.000000    0.000000   0.000000   0.000000
  +0.00   +0.253300   +0.013490    0.000000    0.000000   0.000000   0.000000
  +0.25   +0.300700   +0.013440    0.000000    0.000000   0.000000   0.000000
  +0.50   +0.349500   +0.013350    0.000000    0.000000   0.000000   0.000000
  +0.75   +0.373100   +0.013350    0.000000    0.000000   0.000000   0.000000
  +1.00   +0.398400   +0.013340    0.000000    0.000000   0.000000   0.000000
  +1.25   +0.421200   +0.013410    0.000000    0.000000   0.000000   0.000000
  +1.50   +0.445600   +0.000470    0.000000    0.000000   0.000000   0.000000
  +1.75   +0.469500   +0.013560    0.000000    0.000000   0.000000   0.000000
  +2.00   +0.493400   +0.013680    0.000000    0.000000   0.000000   0.000000
  +2.25   +0.517600   +0.013800    0.000000    0.000000   0.000000   0.000000
  +2.50   +0.541200   +0.013960    0.000000    0.000000   0.000000   0.000000
  +2.75   +0.565700   +0.014120    0.000000    0.000000   0.000000   0.000000
  +3.00   +0.589200   +0.014300    0.000000    0.000000   0.000000   0.000000
  +3.50   +0.637200   +0.014700    0.000000    0.000000   0.000000   0.000000
  +3.75   +0.661600   +0.014930    0.000000    0.000000   0.000000   0.000000
  +4.00   +0.685200   +0.015150    0.000000    0.000000   0.000000   0.000000
  +4.25   +0.709200   +0.015400    0.000000    0.000000   0.000000   0.000000
  +4.50   +0.732700   +0.015650    0.000000    0.000000   0.000000   0.000000
  +4.75   +0.756300   +0.015920    0.000000    0.000000   0.000000   0.000000
  +5.00   +0.779500   +0.016210    0.000000    0.000000   0.000000   0.000000
  +5.25   +0.802400   +0.016480    0.000000    0.000000   0.000000   0.000000
  +5.50   +0.825100   +0.016790    0.000000    0.000000   0.000000   0.000000
  +5.75   +0.847200   +0.017130    0.000000    0.000000   0.000000   0.000000
  +6.00   +0.868900   +0.017480    0.000000    0.000000   0.000000   0.000000
  +6.25   +0.890300   +0.017850    0.000000    0.000000   0.000000   0.000000
  +6.50   +0.911000   +0.018280    0.000000    0.000000   0.000000   0.000000
  +6.75   +0.930800   +0.018780    0.000000    0.000000   0.000000   0.000000
  +7.00   +0.949900   +0.019350    0.000000    0.000000   0.000000   0.000000
  +7.25   +0.968600   +0.019980    0.000000    0.000000   0.000000   0.000000
  +7.50   +0.986000   +0.020710    0.000000    0.000000   0.000000   0.000000
  +7.75   +1.002300   +0.021540    0.000000    0.000000   0.000000   0.000000
  +8.00   +1.018300   +0.022420    0.000000    0.000000   0.000000   0.000000
  +8.25   +1.033900   +0.023330    0.000000    0.000000   0.000000   0.000000
  +8.50   +1.048700   +0.024300    0.000000    0.000000   0.000000   0.000000
  +8.75   +1.062000   +0.025340    0.000000    0.000000   0.000000   0.000000
  +9.00   +1.075600   +0.026340    0.000000    0.000000   0.000000   0.000000
