xflr5 v6.48

 Calculated polar for: NACA 2412

 1 1 Reynolds number fixed          Mach number fixed

 xtrf =   1.000 (top)        1.000 (bottom)
 Mach =   0.000     Re =     0.050 e 6     Ncrit =   5.000

  alpha     CL        CD       CDp       Cm    Top Xtr Bot Xtr   Cpmin    Chinge    XCp
  -9.00   -0.642000   +0.060110    0.000000    0.000000   0.000000   0.000000
  -8.75   -0.658800   +0.055380    0.000000    0.000000   0.000000   0.000000
  -8.50   -0.669200   +0.051030    0.000000    0.000000   0.000000   0.000000
  -8.25   -0.665400   +0.047980    0.000000    0.000000   0.000000   0.000000
  -8.00   -0.656600   +0.045620    0.000000    0.000000   0.000000   0.000000
  -7.75   -0.647100   +0.043320    0.000000    0.000000   0.000000   0.000000
  -7.50   -0.636600   +0.040960    0.000000    0.000000   0.000000   0.000000
  -7.25   -0.624600   +0.038610    0.000000    0.000000   0.000000   0.000000
  -7.00   -0.611100   +0.036360    0.000000    0.000000   0.000000   0.000000
  -6.75   -0.595300   +0.035140    0.000000    0.000000   0.000000   0.000000
  -6.50   -0.578800   +0.033970    0.000000    0.000000   0.000000   0.000000
  -6.25   -0.560800   +0.032290    0.000000    0.000000   0.000000   0.000000
  -6.00   -0.542200   +0.030970    0.000000    0.000000   0.000000   0.000000
  -5.75   -0.523100   +0.029850    0.000000    0.000000   0.000000   0.000000
  -5.50   -0.503800   +0.028850    0.000000    0.000000   0.000000   0.000000
  -5.25   -0.484600   +0.028070    0.000000    0.000000   0.000000   0.000000
  -5.00   -0.464100   +0.027120    0.000000    0.000000   0.000000   0.000000
  -4.75   -0.443500   +0.026370    0.000000    0.000000   0.000000   0.000000
  -4.50   -0.423500   +0.025720    0.000000    0.000000   0.000000   0.000000
  -4.25   -0.402600   +0.025070    0.000000    0.000000   0.000000   0.000000
  -4.00   -0.381300   +0.024500    0.000000    0.000000   0.000000   0.000000
  -3.75   -0.359600   +0.024010    0.000000    0.000000   0.000000   0.000000
  -3.50   -0.338300   +0.023570    0.000000    0.000000   0.000000   0.000000
  -3.25   -0.316200   +0.023200    0.000000    0.000000   0.000000   0.000000
  -3.00   -0.276700   +0.022730    0.000000    0.000000   0.000000   0.000000
  -2.75   -0.238800   +0.022250    0.000000    0.000000   0.000000   0.000000
  -2.50   -0.203300   +0.021790    0.000000    0.000000   0.000000   0.000000
  -2.25   -0.166900   +0.021410    0.000000    0.000000   0.000000   0.000000
  -2.00   -0.137500   +0.021100    0.000000    0.000000   0.000000   0.000000
  -1.75   -0.100800   +0.020950    0.000000    0.000000   0.000000   0.000000
  -1.50   -0.062400   +0.020960    0.000000    0.000000   0.000000   0.000000
  -1.25   +0.003200   +0.021090    0.000000    0.000000   0.000000   0.000000
  -1.00   +0.083300   +0.021100    0.000000    0.000000   0.000000   0.000000
  -0.75   +0.113000   +0.021080    0.000000    0.000000   0.000000   0.000000
  -0.50   +0.153100   +0.021030    0.000000    0.000000   0.000000   0.000000
  -0.25   +0.182900   +0.021020    0.000000    0.000000   0.000000   0.000000
  +0.00   +0.214800   +0.021020    0.000000    0.000000   0.000000   0.000000
  +0.50   +0.275200   +0.021030    0.000000    0.000000   0.000000   0.000000
  +0.75   +0.308800   +0.020970    0.000000    0.000000   0.000000   0.000000
  +1.00   +0.333400   +0.021080    0.000000    0.000000   0.000000   0.000000
  +1.25   +0.366900   +0.021000    0.000000    0.000000   0.000000   0.000000
  +1.50   +0.389900   +0.021170    0.000000    0.000000   0.000000   0.000000
  +1.75   +0.423300   +0.021090    0.000000    0.000000   0.000000   0.000000
  +2.00   +0.445200   +0.021310    0.000000    0.000000   0.000000   0.000000
  +2.25   +0.478100   +0.000574    0.000000    0.000000   0.000000   0.000000
  +2.50   +0.499100   +0.021530    0.000000    0.000000   0.000000   0.000000
  +2.75   +0.531400   +0.021480    0.000000    0.000000   0.000000   0.000000
  +3.00   +0.551900   +0.021820    0.000000    0.000000   0.000000   0.000000
  +3.25   +0.581700   +0.021860    0.000000    0.000000   0.000000   0.000000
  +3.50   +0.603700   +0.022190    0.000000    0.000000   0.000000   0.000000
  +3.75   +0.631400   +0.022320    0.000000    0.000000   0.000000   0.000000
  +4.00   +0.654600   +0.022630    0.000000    0.000000   0.000000   0.000000
  +4.25   +0.680300   +0.022860    0.000000    0.000000   0.000000   0.000000
  +4.50   +0.705000   +0.023110    0.000000    0.000000   0.000000   0.000000
  +4.75   +0.728400   +0.023440    0.000000    0.000000   0.000000   0.000000
  +5.00   +0.754900   +0.023620    0.000000    0.000000   0.000000   0.000000
  +5.25   +0.775900   +0.024040    0.000000    0.000000   0.000000   0.000000
  +5.50   +0.800600   +0.024290    0.000000    0.000000   0.000000   0.000000
  +5.75   +0.823100   +0.024600    0.000000    0.000000   0.000000   0.000000
  +6.00   +0.843700   +0.025010    0.000000    0.000000   0.000000   0.000000
  +6.25   +0.865200   +0.025350    0.000000    0.000000   0.000000   0.000000
  +6.50   +0.886400   +0.025680    0.000000    0.000000   0.000000   0.000000
  +6.75   +0.905700   +0.026070    0.000000    0.000000   0.000000   0.000000
  +7.00   +0.922900   +0.026560    0.000000    0.000000   0.000000   0.000000
  +7.25   +0.939400   +0.027080    0.000000    0.000000   0.000000   0.000000
  +7.50   +0.954800   +0.027680    0.000000    0.000000   0.000000   0.000000
  +7.75   +0.968600   +0.028410    0.000000    0.000000   0.000000   0.000000
  +8.00   +0.981400   +0.029280    0.000000    0.000000   0.000000   0.000000
  +8.25   +0.992500   +0.030290    0.000000    0.000000   0.000000   0.000000
  +8.50   +1.002500   +0.031460    0.000000    0.000000   0.000000   0.000000
  +8.75   +1.011100   +0.032780    0.000000    0.000000   0.000000   0.000000
  +9.00   +1.019300   +0.034200    0.000000    0.000000   0.000000   0.000000
