xflr5 v6.48

 Calculated polar for: NACA 1410

 1 1 Reynolds number fixed          Mach number fixed

 xtrf =   1.000 (top)        1.000 (bottom)
 Mach =   0.000     Re =     0.080 e 6     Ncrit =   5.000

  alpha     CL        CD       CDp       Cm    Top Xtr Bot Xtr   Cpmin    Chinge    XCp
  -9.00   -0.776500   +0.044540    0.000000    0.000000   0.000000   0.000000
  -8.75   -0.768900   +0.041680    0.000000    0.000000   0.000000   0.000000
  -8.50   -0.753500   +0.040510    0.000000    0.000000   0.000000   0.000000
  -8.25   -0.739500   +0.038710    0.000000    0.000000   0.000000   0.000000
  -8.00   -0.726200   +0.036120    0.000000    0.000000   0.000000   0.000000
  -7.75   -0.710600   +0.033500    0.000000    0.000000   0.000000   0.000000
  -7.50   -0.692700   +0.031270    0.000000    0.000000   0.000000   0.000000
  -7.25   -0.674100   +0.029450    0.000000    0.000000   0.000000   0.000000
  -7.00   -0.654400   +0.028060    0.000000    0.000000   0.000000   0.000000
  -6.75   -0.634000   +0.026730    0.000000    0.000000   0.000000   0.000000
  -6.50   -0.613600   +0.025580    0.000000    0.000000   0.000000   0.000000
  -6.25   -0.593500   +0.024650    0.000000    0.000000   0.000000   0.000000
  -6.00   -0.572300   +0.023560    0.000000    0.000000   0.000000   0.000000
  -5.75   -0.552100   +0.022450    0.000000    0.000000   0.000000   0.000000
  -5.50   -0.531100   +0.021630    0.000000    0.000000   0.000000   0.000000
  -5.25   -0.510500   +0.020830    0.000000    0.000000   0.000000   0.000000
  -5.00   -0.489600   +0.020050    0.000000    0.000000   0.000000   0.000000
  -4.75   -0.468300   +0.019340    0.000000    0.000000   0.000000   0.000000
  -4.50   -0.447200   +0.018650    0.000000    0.000000   0.000000   0.000000
  -4.25   -0.425800   +0.018000    0.000000    0.000000   0.000000   0.000000
  -4.00   -0.404100   +0.017410    0.000000    0.000000   0.000000   0.000000
  -3.75   -0.382200   +0.016870    0.000000    0.000000   0.000000   0.000000
  -3.50   -0.360300   +0.016360    0.000000    0.000000   0.000000   0.000000
  -3.25   -0.338300   +0.015870    0.000000    0.000000   0.000000   0.000000
  -3.00   -0.316100   +0.015430    0.000000    0.000000   0.000000   0.000000
  -2.75   -0.294200   +0.015030    0.000000    0.000000   0.000000   0.000000
  -2.50   -0.272700   +0.014700    0.000000    0.000000   0.000000   0.000000
  -2.25   -0.251700   +0.014430    0.000000    0.000000   0.000000   0.000000
  -2.00   -0.230900   +0.014270    0.000000    0.000000   0.000000   0.000000
  -1.75   -0.197200   +0.014200    0.000000    0.000000   0.000000   0.000000
  -1.50   -0.156100   +0.014240    0.000000    0.000000   0.000000   0.000000
  -1.25   -0.104900   +0.014360    0.000000    0.000000   0.000000   0.000000
  -1.00   -0.050000   +0.014430    0.000000    0.000000   0.000000   0.000000
  -0.75   +0.010300   +0.014450    0.000000    0.000000   0.000000   0.000000
  -0.50   +0.061000   +0.014410    0.000000    0.000000   0.000000   0.000000
  -0.25   +0.102700   +0.014360    0.000000    0.000000   0.000000   0.000000
  +0.00   +0.139100   +0.014290    0.000000    0.000000   0.000000   0.000000
  +0.25   +0.175300   -0.011837    0.000000    0.000000   0.000000   0.000000
  +0.50   +0.212600   +0.014130    0.000000    0.000000   0.000000   0.000000
  +0.75   +0.243300   +0.014070    0.000000    0.000000   0.000000   0.000000
  +1.00   +0.272500   +0.014030    0.000000    0.000000   0.000000   0.000000
  +1.25   +0.301300   +0.014000    0.000000    0.000000   0.000000   0.000000
  +1.50   +0.329500   +0.013980    0.000000    0.000000   0.000000   0.000000
  +1.75   +0.356800   +0.013970    0.000000    0.000000   0.000000   0.000000
  +2.00   +0.383300   +0.014000    0.000000    0.000000   0.000000   0.000000
  +2.25   +0.408100   +0.014070    0.000000    0.000000   0.000000   0.000000
  +2.50   +0.432800   +0.014170    0.000000    0.000000   0.000000   0.000000
  +2.75   +0.457300   +0.014310    0.000000    0.000000   0.000000   0.000000
  +3.00   +0.481700   +0.014460    0.000000    0.000000   0.000000   0.000000
  +3.25   +0.505800   +0.014650    0.000000    0.000000   0.000000   0.000000
  +3.50   +0.529600   +0.014870    0.000000    0.000000   0.000000   0.000000
  +3.75   +0.553000   +0.015120    0.000000    0.000000   0.000000   0.000000
  +4.00   +0.576100   +0.015410    0.000000    0.000000   0.000000   0.000000
  +4.25   +0.598900   +0.015740    0.000000    0.000000   0.000000   0.000000
  +4.50   +0.621400   +0.016080    0.000000    0.000000   0.000000   0.000000
  +4.75   +0.643300   +0.016490    0.000000    0.000000   0.000000   0.000000
  +5.00   +0.665000   +0.016940    0.000000    0.000000   0.000000   0.000000
  +5.25   +0.686000   +0.017500    0.000000    0.000000   0.000000   0.000000
  +5.50   +0.706500   +0.018160    0.000000    0.000000   0.000000   0.000000
  +5.75   +0.726500   +0.018960    0.000000    0.000000   0.000000   0.000000
  +6.00   +0.746200   +0.019870    0.000000    0.000000   0.000000   0.000000
  +6.25   +0.765700   +0.020860    0.000000    0.000000   0.000000   0.000000
  +6.50   +0.785100   +0.021890    0.000000    0.000000   0.000000   0.000000
  +6.75   +0.804300   +0.022950    0.000000    0.000000   0.000000   0.000000
  +7.00   +0.823800   +0.023960    0.000000    0.000000   0.000000   0.000000
  +7.25   +0.842800   +0.025080    0.000000    0.000000   0.000000   0.000000
  +7.50   +0.861100   +0.026260    0.000000    0.000000   0.000000   0.000000
  +7.75   +0.880400   +0.027430    0.000000    0.000000   0.000000   0.000000
  +8.00   +0.898700   +0.028540    0.000000    0.000000   0.000000   0.000000
  +8.25   +0.917600   +0.029920    0.000000    0.000000   0.000000   0.000000
  +8.50   +0.936900   +0.031350    0.000000    0.000000   0.000000   0.000000
  +8.75   +0.955400   +0.032860    0.000000    0.000000   0.000000   0.000000
  +9.00   +0.973300   +0.034780    0.000000    0.000000   0.000000   0.000000
