xflr5 v6.48

 Calculated polar for: NACA 1410

 1 1 Reynolds number fixed          Mach number fixed

 xtrf =   1.000 (top)        1.000 (bottom)
 Mach =   0.000     Re =     0.060 e 6     Ncrit =   5.000

  alpha     CL        CD       CDp       Cm    Top Xtr Bot Xtr   Cpmin    Chinge    XCp
  -9.00   -0.741800   +0.054850    0.000000    0.000000   0.000000   0.000000
  -8.75   -0.734900   +0.052200    0.000000    0.000000   0.000000   0.000000
  -8.50   -0.730300   +0.048710    0.000000    0.000000   0.000000   0.000000
  -8.25   -0.723300   +0.045270    0.000000    0.000000   0.000000   0.000000
  -8.00   -0.713200   +0.042060    0.000000    0.000000   0.000000   0.000000
  -7.75   -0.700600   +0.039050    0.000000    0.000000   0.000000   0.000000
  -7.50   -0.685300   +0.036260    0.000000    0.000000   0.000000   0.000000
  -7.25   -0.667600   +0.033820    0.000000    0.000000   0.000000   0.000000
  -7.00   -0.649200   +0.032320    0.000000    0.000000   0.000000   0.000000
  -6.75   -0.629800   +0.031040    0.000000    0.000000   0.000000   0.000000
  -6.50   -0.609300   +0.029330    0.000000    0.000000   0.000000   0.000000
  -6.25   -0.588800   +0.027920    0.000000    0.000000   0.000000   0.000000
  -6.00   -0.567400   +0.026590    0.000000    0.000000   0.000000   0.000000
  -5.75   -0.546900   +0.025470    0.000000    0.000000   0.000000   0.000000
  -5.50   -0.525600   +0.024520    0.000000    0.000000   0.000000   0.000000
  -5.25   -0.505000   +0.023470    0.000000    0.000000   0.000000   0.000000
  -5.00   -0.484100   +0.022530    0.000000    0.000000   0.000000   0.000000
  -4.75   -0.463100   +0.021690    0.000000    0.000000   0.000000   0.000000
  -4.50   -0.441700   +0.020860    0.000000    0.000000   0.000000   0.000000
  -4.25   -0.420500   +0.020080    0.000000    0.000000   0.000000   0.000000
  -4.00   -0.398800   +0.019370    0.000000    0.000000   0.000000   0.000000
  -3.75   -0.377000   +0.018700    0.000000    0.000000   0.000000   0.000000
  -3.50   -0.355900   +0.018090    0.000000    0.000000   0.000000   0.000000
  -3.25   -0.335500   +0.017530    0.000000    0.000000   0.000000   0.000000
  -3.00   -0.315600   +0.017030    0.000000    0.000000   0.000000   0.000000
  -2.75   -0.295900   +0.016620    0.000000    0.000000   0.000000   0.000000
  -2.50   -0.276400   +0.016310    0.000000    0.000000   0.000000   0.000000
  -2.25   -0.256600   +0.016100    0.000000    0.000000   0.000000   0.000000
  -2.00   -0.233300   +0.016040    0.000000    0.000000   0.000000   0.000000
  -1.75   -0.199200   +0.016100    0.000000    0.000000   0.000000   0.000000
  -1.50   -0.150900   +0.016220    0.000000    0.000000   0.000000   0.000000
  -1.25   -0.092200   +0.016300    0.000000    0.000000   0.000000   0.000000
  -1.00   -0.076700   +0.016300    0.000000    0.000000   0.000000   0.000000
  -0.75   -0.050600   +0.016400    0.000000    0.000000   0.000000   0.000000
  -0.50   -0.005800   +0.016530    0.000000    0.000000   0.000000   0.000000
  -0.25   +0.037000   +0.016620    0.000000    0.000000   0.000000   0.000000
  +0.00   +0.079700   +0.016700    0.000000    0.000000   0.000000   0.000000
  +0.25   +0.125400   +0.016760    0.000000    0.000000   0.000000   0.000000
  +0.50   +0.166500   +0.016780    0.000000    0.000000   0.000000   0.000000
  +0.75   +0.203300   +0.016790    0.000000    0.000000   0.000000   0.000000
  +1.00   +0.240500   +0.016770    0.000000    0.000000   0.000000   0.000000
  +1.25   +0.278900   +0.016720    0.000000    0.000000   0.000000   0.000000
  +1.50   +0.309700   +0.016710    0.000000    0.000000   0.000000   0.000000
  +1.75   +0.339100   +0.016720    0.000000    0.000000   0.000000   0.000000
  +2.00   +0.368000   +0.016730    0.000000    0.000000   0.000000   0.000000
  +2.25   +0.396400   +0.016750    0.000000    0.000000   0.000000   0.000000
  +2.50   +0.423900   +0.016780    0.000000    0.000000   0.000000   0.000000
  +2.75   +0.450400   +0.016840    0.000000    0.000000   0.000000   0.000000
  +3.00   +0.475700   +0.016950    0.000000    0.000000   0.000000   0.000000
  +3.25   +0.500100   +0.017100    0.000000    0.000000   0.000000   0.000000
  +3.50   +0.524400   +0.017280    0.000000    0.000000   0.000000   0.000000
  +3.75   +0.548300   +0.017490    0.000000    0.000000   0.000000   0.000000
  +4.00   +0.571900   +0.017740    0.000000    0.000000   0.000000   0.000000
  +4.25   +0.594600   +0.018030    0.000000    0.000000   0.000000   0.000000
  +4.50   +0.616900   +0.018350    0.000000    0.000000   0.000000   0.000000
  +4.75   +0.638700   +0.018720    0.000000    0.000000   0.000000   0.000000
  +5.00   +0.660000   +0.019150    0.000000    0.000000   0.000000   0.000000
  +5.25   +0.680400   +0.019650    0.000000    0.000000   0.000000   0.000000
  +5.50   +0.700200   +0.020250    0.000000    0.000000   0.000000   0.000000
  +5.75   +0.719100   +0.021010    0.000000    0.000000   0.000000   0.000000
  +6.00   +0.737700   +0.021950    0.000000    0.000000   0.000000   0.000000
  +6.25   +0.756000   +0.023050    0.000000    0.000000   0.000000   0.000000
  +6.50   +0.773900   +0.024290    0.000000    0.000000   0.000000   0.000000
  +6.75   +0.792500   +0.025510    0.000000    0.000000   0.000000   0.000000
  +7.00   +0.810800   +0.026810    0.000000    0.000000   0.000000   0.000000
  +7.25   +0.828800   +0.028090    0.000000    0.000000   0.000000   0.000000
  +7.50   +0.847800   +0.029310    0.000000    0.000000   0.000000   0.000000
  +7.75   +0.867100   +0.030800    0.000000    0.000000   0.000000   0.000000
  +8.00   +0.886900   +0.032260    0.000000    0.000000   0.000000   0.000000
  +8.25   +0.905400   +0.033830    0.000000    0.000000   0.000000   0.000000
  +8.50   +0.923900   +0.035220    0.000000    0.000000   0.000000   0.000000
  +8.75   +0.942000   +0.036940    0.000000    0.000000   0.000000   0.000000
  +9.00   +0.961300   +0.039180    0.000000    0.000000   0.000000   0.000000
