xflr5 v6.48

 Calculated polar for: NACA 2421

 1 1 Reynolds number fixed          Mach number fixed

 xtrf =   1.000 (top)        1.000 (bottom)
 Mach =   0.000     Re =     0.060 e 6     Ncrit =   5.000

  alpha     CL        CD       CDp       Cm    Top Xtr Bot Xtr   Cpmin    Chinge    XCp
  -9.00   -0.848000   +0.039700    0.000000    0.000000   0.000000   0.000000
  -8.75   -0.820100   +0.038970    0.000000    0.000000   0.000000   0.000000
  -8.50   -0.788800   +0.038140    0.000000    0.000000   0.000000   0.000000
  -8.25   -0.767400   +0.037180    0.000000    0.000000   0.000000   0.000000
  -8.00   -0.735600   +0.036560    0.000000    0.000000   0.000000   0.000000
  -7.75   -0.707300   +0.035910    0.000000    0.000000   0.000000   0.000000
  -7.50   -0.683600   +0.035120    0.000000    0.000000   0.000000   0.000000
  -7.25   -0.647700   +0.034530    0.000000    0.000000   0.000000   0.000000
  -7.00   -0.626200   +0.033980    0.000000    0.000000   0.000000   0.000000
  -6.75   -0.597200   +0.033370    0.000000    0.000000   0.000000   0.000000
  -6.50   -0.559400   +0.032800    0.000000    0.000000   0.000000   0.000000
  -6.25   -0.542600   +0.032310    0.000000    0.000000   0.000000   0.000000
  -6.00   -0.509800   +0.031820    0.000000    0.000000   0.000000   0.000000
  -5.75   -0.471400   +0.031190    0.000000    0.000000   0.000000   0.000000
  -5.50   -0.456500   +0.030910    0.000000    0.000000   0.000000   0.000000
  -5.25   -0.424100   +0.030390    0.000000    0.000000   0.000000   0.000000
  -5.00   -0.386100   +0.029820    0.000000    0.000000   0.000000   0.000000
  -4.75   -0.372800   +0.029610    0.000000    0.000000   0.000000   0.000000
  -4.50   -0.341000   +0.029140    0.000000    0.000000   0.000000   0.000000
  -4.25   -0.304300   +0.028600    0.000000    0.000000   0.000000   0.000000
  -4.00   -0.290300   +0.028490    0.000000    0.000000   0.000000   0.000000
  -3.75   -0.260100   +0.028070    0.000000    0.000000   0.000000   0.000000
  -3.50   -0.223500   +0.027570    0.000000    0.000000   0.000000   0.000000
  -3.25   -0.208300   +0.027500    0.000000    0.000000   0.000000   0.000000
  -3.00   -0.179900   +0.027190    0.000000    0.000000   0.000000   0.000000
  -2.75   -0.144300   +0.026760    0.000000    0.000000   0.000000   0.000000
  -2.50   -0.126600   +0.026730    0.000000    0.000000   0.000000   0.000000
  -2.25   -0.100400   +0.026510    0.000000    0.000000   0.000000   0.000000
  -2.00   -0.065100   +0.001072    0.000000    0.000000   0.000000   0.000000
  -1.75   -0.044200   +0.026140    0.000000    0.000000   0.000000   0.000000
  -1.50   -0.020700   +0.026060    0.000000    0.000000   0.000000   0.000000
  -1.25   +0.012300   +0.025770    0.000000    0.000000   0.000000   0.000000
  -1.00   +0.038800   +0.025740    0.000000    0.000000   0.000000   0.000000
  -0.75   +0.059300   +0.025850    0.000000    0.000000   0.000000   0.000000
  -0.50   +0.091600   +0.025690    0.000000    0.000000   0.000000   0.000000
  -0.25   +0.126000   +0.025520    0.000000    0.000000   0.000000   0.000000
  +0.00   +0.139100   +0.025900    0.000000    0.000000   0.000000   0.000000
  +0.25   +0.170600   +0.025900    0.000000    0.000000   0.000000   0.000000
  +0.50   +0.208900   +0.025760    0.000000    0.000000   0.000000   0.000000
  +0.75   +0.223400   +0.026170    0.000000    0.000000   0.000000   0.000000
  +1.00   +0.252200   +0.026370    0.000000    0.000000   0.000000   0.000000
  +1.25   +0.293100   +0.026360    0.000000    0.000000   0.000000   0.000000
  +1.50   +0.320100   +0.026640    0.000000    0.000000   0.000000   0.000000
  +1.75   +0.342700   +0.027020    0.000000    0.000000   0.000000   0.000000
  +2.00   +0.387600   +0.027150    0.000000    0.000000   0.000000   0.000000
  +2.25   +0.429900   +0.027170    0.000000    0.000000   0.000000   0.000000
  +2.50   +0.452200   +0.027790    0.000000    0.000000   0.000000   0.000000
  +2.75   +0.497300   +0.028000    0.000000    0.000000   0.000000   0.000000
  +3.00   +0.542600   +0.027980    0.000000    0.000000   0.000000   0.000000
  +3.25   +0.582400   +0.028520    0.000000    0.000000   0.000000   0.000000
  +3.50   +0.623500   +0.028780    0.000000    0.000000   0.000000   0.000000
  +3.75   +0.670700   +0.028750    0.000000    0.000000   0.000000   0.000000
  +4.00   +0.711200   +0.029110    0.000000    0.000000   0.000000   0.000000
  +4.25   +0.748900   +0.029450    0.000000    0.000000   0.000000   0.000000
  +4.50   +0.795500   +0.029420    0.000000    0.000000   0.000000   0.000000
  +4.75   +0.829100   +0.029650    0.000000    0.000000   0.000000   0.000000
  +5.00   +0.827100   +0.030170    0.000000    0.000000   0.000000   0.000000
  +5.25   +0.835800   +0.030400    0.000000    0.000000   0.000000   0.000000
  +5.50   +0.855300   +0.030390    0.000000    0.000000   0.000000   0.000000
  +5.75   +0.857500   +0.030900    0.000000    0.000000   0.000000   0.000000
  +6.00   +0.851700   +0.031570    0.000000    0.000000   0.000000   0.000000
  +6.25   +0.861300   +0.031870    0.000000    0.000000   0.000000   0.000000
  +6.50   +0.885800   +0.031860    0.000000    0.000000   0.000000   0.000000
  +6.75   +0.883200   +0.032570    0.000000    0.000000   0.000000   0.000000
  +7.00   +0.874300   +0.033440    0.000000    0.000000   0.000000   0.000000
  +7.25   +0.885900   +0.033800    0.000000    0.000000   0.000000   0.000000
  +7.50   +0.916600   +0.033700    0.000000    0.000000   0.000000   0.000000
  +7.75   +0.903300   +0.034770    0.000000    0.000000   0.000000   0.000000
  +8.00   +0.888600   +0.035970    0.000000    0.000000   0.000000   0.000000
  +8.25   +0.904100   +0.036350    0.000000    0.000000   0.000000   0.000000
  +8.50   +0.942700   +0.036020    0.000000    0.000000   0.000000   0.000000
  +8.75   +0.916800   +0.038040    0.000000    0.000000   0.000000   0.000000
  +9.00   +0.909400   +0.039610    0.000000    0.000000   0.000000   0.000000
