xflr5 v6.48

 Calculated polar for: NACA 2421

 1 1 Reynolds number fixed          Mach number fixed

 xtrf =   1.000 (top)        1.000 (bottom)
 Mach =   0.000     Re =     0.050 e 6     Ncrit =   5.000

  alpha     CL        CD       CDp       Cm    Top Xtr Bot Xtr   Cpmin    Chinge    XCp
  -9.00   -0.885300   +0.045240    0.000000    0.000000   0.000000   0.000000
  -8.75   -0.857800   +0.044020    0.000000    0.000000   0.000000   0.000000
  -8.50   -0.835300   +0.042450    0.000000    0.000000   0.000000   0.000000
  -8.25   -0.804000   +0.041950    0.000000    0.000000   0.000000   0.000000
  -8.00   -0.774500   +0.041130    0.000000    0.000000   0.000000   0.000000
  -7.75   -0.750700   +0.039990    0.000000    0.000000   0.000000   0.000000
  -7.50   -0.718800   +0.039440    0.000000    0.000000   0.000000   0.000000
  -7.25   -0.688500   +0.038680    0.000000    0.000000   0.000000   0.000000
  -7.00   -0.665100   +0.037960    0.000000    0.000000   0.000000   0.000000
  -6.75   -0.629600   +0.037430    0.000000    0.000000   0.000000   0.000000
  -6.50   -0.610300   +0.036710    0.000000    0.000000   0.000000   0.000000
  -6.25   -0.577300   +0.036250    0.000000    0.000000   0.000000   0.000000
  -6.00   -0.543800   +0.035610    0.000000    0.000000   0.000000   0.000000
  -5.75   -0.524300   +0.035240    0.000000    0.000000   0.000000   0.000000
  -5.50   -0.489600   +0.034670    0.000000    0.000000   0.000000   0.000000
  -5.25   -0.463400   +0.034260    0.000000    0.000000   0.000000   0.000000
  -5.00   -0.438800   +0.033850    0.000000    0.000000   0.000000   0.000000
  -4.75   -0.400300   +0.033330    0.000000    0.000000   0.000000   0.000000
  -4.50   -0.381100   +0.033020    0.000000    0.000000   0.000000   0.000000
  -4.25   -0.352500   +0.032670    0.000000    0.000000   0.000000   0.000000
  -4.00   -0.315400   +0.032140    0.000000    0.000000   0.000000   0.000000
  -3.75   -0.296600   +0.032010    0.000000    0.000000   0.000000   0.000000
  -3.50   -0.270000   +0.031690    0.000000    0.000000   0.000000   0.000000
  -3.25   -0.233600   +0.031210    0.000000    0.000000   0.000000   0.000000
  -3.00   -0.214600   +0.031160    0.000000    0.000000   0.000000   0.000000
  -2.75   -0.189200   +0.030940    0.000000    0.000000   0.000000   0.000000
  -2.50   -0.154000   +0.030530    0.000000    0.000000   0.000000   0.000000
  -2.25   -0.132400   +0.030530    0.000000    0.000000   0.000000   0.000000
  -2.00   -0.109900   +0.030450    0.000000    0.000000   0.000000   0.000000
  -1.75   -0.075100   +0.030090    0.000000    0.000000   0.000000   0.000000
  -1.50   -0.048700   +0.030000    0.000000    0.000000   0.000000   0.000000
  -1.25   -0.031700   +0.030210    0.000000    0.000000   0.000000   0.000000
  -1.00   +0.001600   +0.029990    0.000000    0.000000   0.000000   0.000000
  -0.75   +0.040900   +0.029660    0.000000    0.000000   0.000000   0.000000
  -0.50   +0.044500   +0.030180    0.000000    0.000000   0.000000   0.000000
  -0.25   +0.076900   +0.030150    0.000000    0.000000   0.000000   0.000000
  +0.00   +0.117400   +0.029970    0.000000    0.000000   0.000000   0.000000
  +0.25   +0.131600   +0.030480    0.000000    0.000000   0.000000   0.000000
  +0.50   +0.157500   +0.030640    0.000000    0.000000   0.000000   0.000000
  +0.75   +0.195500   +0.030520    0.000000    0.000000   0.000000   0.000000
  +1.00   +0.235900   +0.030720    0.000000    0.000000   0.000000   0.000000
  +1.25   +0.254200   +0.031390    0.000000    0.000000   0.000000   0.000000
  +1.50   +0.293700   +0.031410    0.000000    0.000000   0.000000   0.000000
  +1.75   +0.348100   +0.031230    0.000000    0.000000   0.000000   0.000000
  +2.00   +0.371700   +0.032080    0.000000    0.000000   0.000000   0.000000
  +2.25   +0.411400   +0.032310    0.000000    0.000000   0.000000   0.000000
  +2.50   +0.468800   +0.032100    0.000000    0.000000   0.000000   0.000000
  +2.75   +0.511500   +0.032560    0.000000    0.000000   0.000000   0.000000
  +3.00   +0.549200   +0.032990    0.000000    0.000000   0.000000   0.000000
  +3.25   +0.602900   +0.032800    0.000000    0.000000   0.000000   0.000000
  +3.50   +0.652200   +0.032880    0.000000    0.000000   0.000000   0.000000
  +3.75   +0.687300   +0.033500    0.000000    0.000000   0.000000   0.000000
  +4.00   +0.737900   +0.033330    0.000000    0.000000   0.000000   0.000000
  +4.25   +0.769500   +0.033120    0.000000    0.000000   0.000000   0.000000
  +4.50   +0.748900   +0.034270    0.000000    0.000000   0.000000   0.000000
  +4.75   +0.750300   +0.034680    0.000000    0.000000   0.000000   0.000000
  +5.00   +0.771800   +0.034550    0.000000    0.000000   0.000000   0.000000
  +5.25   +0.782600   +0.034860    0.000000    0.000000   0.000000   0.000000
  +5.50   +0.754500   +0.036270    0.000000    0.000000   0.000000   0.000000
  +5.75   +0.759800   +0.036710    0.000000    0.000000   0.000000   0.000000
  +6.00   +0.792600   +0.036390    0.000000    0.000000   0.000000   0.000000
  +6.25   +0.787700   +0.037320    0.000000    0.000000   0.000000   0.000000
  +6.50   +0.749500   +0.039220    0.000000    0.000000   0.000000   0.000000
  +6.75   +0.764000   +0.039530    0.000000    0.000000   0.000000   0.000000
  +7.00   +0.814700   +0.038790    0.000000    0.000000   0.000000   0.000000
  +7.25   +0.768500   +0.041400    0.000000    0.000000   0.000000   0.000000
  +7.50   +0.749700   +0.043560    0.000000    0.000000   0.000000   0.000000
  +7.75   +0.782900   +0.043170    0.000000    0.000000   0.000000   0.000000
  +8.00   +0.840900   +0.041750    0.000000    0.000000   0.000000   0.000000
  +8.25   +0.743700   +0.048990    0.000000    0.000000   0.000000   0.000000
  +8.50   +2.843863   +0.048840    0.000000    0.000000   0.000000   0.000000
  +8.75   +0.817100   +0.047360    0.000000    0.000000   0.000000   0.000000
  +9.00   +0.733700   +0.056320    0.000000    0.000000   0.000000   0.000000
