xflr5 v6.48

 Calculated polar for: NACA 2421

 1 1 Reynolds number fixed          Mach number fixed

 xtrf =   1.000 (top)        1.000 (bottom)
 Mach =   0.000     Re =     0.070 e 6     Ncrit =   5.000

  alpha     CL        CD       CDp       Cm    Top Xtr Bot Xtr   Cpmin    Chinge    XCp
  -9.00   -0.814500   +0.036300    0.000000    0.000000   0.000000   0.000000
  -8.75   -0.789200   +0.035380    0.000000    0.000000   0.000000   0.000000
  -8.50   -0.761500   +0.034690    0.000000    0.000000   0.000000   0.000000
  -8.25   -0.728000   +0.033970    0.000000    0.000000   0.000000   0.000000
  -8.00   -0.708200   +0.033280    0.000000    0.000000   0.000000   0.000000
  -7.75   -0.677900   +0.032680    0.000000    0.000000   0.000000   0.000000
  -7.50   -0.641200   +0.032010    0.000000    0.000000   0.000000   0.000000
  -7.25   -0.624400   +0.031460    0.000000    0.000000   0.000000   0.000000
  -7.00   -0.591800   +0.030900    0.000000    0.000000   0.000000   0.000000
  -6.75   -0.553500   +0.030250    0.000000    0.000000   0.000000   0.000000
  -6.50   -0.539100   +0.029870    0.000000    0.000000   0.000000   0.000000
  -6.25   -0.506200   +0.029320    0.000000    0.000000   0.000000   0.000000
  -6.00   -0.468800   +0.028690    0.000000    0.000000   0.000000   0.000000
  -5.75   -0.454900   +0.028420    0.000000    0.000000   0.000000   0.000000
  -5.50   -0.423300   +0.027900    0.000000    0.000000   0.000000   0.000000
  -5.25   -0.386900   +0.027340    0.000000    0.000000   0.000000   0.000000
  -5.00   -0.372700   +0.027130    0.000000    0.000000   0.000000   0.000000
  -4.75   -0.342300   +0.026660    0.000000    0.000000   0.000000   0.000000
  -4.50   -0.306800   +0.026130    0.000000    0.000000   0.000000   0.000000
  -4.25   -0.291200   +0.025970    0.000000    0.000000   0.000000   0.000000
  -4.00   -0.262200   +0.025570    0.000000    0.000000   0.000000   0.000000
  -3.75   -0.227100   +0.025060    0.000000    0.000000   0.000000   0.000000
  -3.50   -0.209700   +0.024930    0.000000    0.000000   0.000000   0.000000
  -3.25   -0.182500   +0.024620    0.000000    0.000000   0.000000   0.000000
  -3.00   -0.148300   +0.024190    0.000000    0.000000   0.000000   0.000000
  -2.75   -0.128900   +0.024100    0.000000    0.000000   0.000000   0.000000
  -2.50   -0.102900   +0.023860    0.000000    0.000000   0.000000   0.000000
  -2.25   -0.069200   +0.023480    0.000000    0.000000   0.000000   0.000000
  -2.00   -0.048700   +0.023440    0.000000    0.000000   0.000000   0.000000
  -1.75   -0.023900   +0.023320    0.000000    0.000000   0.000000   0.000000
  -1.50   +0.009000   +0.023030    0.000000    0.000000   0.000000   0.000000
  -1.25   +0.031900   +0.023020    0.000000    0.000000   0.000000   0.000000
  -1.00   +0.055500   +0.022980    0.000000    0.000000   0.000000   0.000000
  -0.75   +0.086800   +0.022800    0.000000    0.000000   0.000000   0.000000
  -0.50   +0.113300   +0.022820    0.000000    0.000000   0.000000   0.000000
  -0.25   +0.135600   +0.022920    0.000000    0.000000   0.000000   0.000000
  +0.00   +0.166000   +0.022830    0.000000    0.000000   0.000000   0.000000
  +0.25   +0.194900   +0.022830    0.000000    0.000000   0.000000   0.000000
  +0.50   +0.216700   +0.023090    0.000000    0.000000   0.000000   0.000000
  +0.75   +0.246500   +0.023140    0.000000    0.000000   0.000000   0.000000
  +1.00   +0.281000   +0.023100    0.000000    0.000000   0.000000   0.000000
  +1.25   +0.300500   +0.023470    0.000000    0.000000   0.000000   0.000000
  +1.50   +0.330400   +0.023680    0.000000    0.000000   0.000000   0.000000
  +1.75   +0.364300   +0.023740    0.000000    0.000000   0.000000   0.000000
  +2.00   +0.392700   +0.024040    0.000000    0.000000   0.000000   0.000000
  +2.25   +0.423000   +0.024380    0.000000    0.000000   0.000000   0.000000
  +2.50   +0.456100   +0.024530    0.000000    0.000000   0.000000   0.000000
  +2.75   +0.499000   +0.024730    0.000000    0.000000   0.000000   0.000000
  +3.00   +0.526900   +0.025180    0.000000    0.000000   0.000000   0.000000
  +3.25   +0.560100   +0.025410    0.000000    0.000000   0.000000   0.000000
  +3.50   +0.613400   +0.025520    0.000000    0.000000   0.000000   0.000000
  +3.75   +0.645200   +0.025970    0.000000    0.000000   0.000000   0.000000
  +4.00   +0.688100   +0.026240    0.000000    0.000000   0.000000   0.000000
  +4.25   +0.730800   +0.026320    0.000000    0.000000   0.000000   0.000000
  +4.50   +0.769000   +0.026650    0.000000    0.000000   0.000000   0.000000
  +4.75   +0.806900   +0.026970    0.000000    0.000000   0.000000   0.000000
  +5.00   +0.849600   +0.027060    0.000000    0.000000   0.000000   0.000000
  +5.25   +0.879900   +0.027290    0.000000    0.000000   0.000000   0.000000
  +5.50   +0.881300   +0.027700    0.000000    0.000000   0.000000   0.000000
  +5.75   +0.889000   +0.027950    0.000000    0.000000   0.000000   0.000000
  +6.00   +0.904200   +0.028070    0.000000    0.000000   0.000000   0.000000
  +6.25   +0.913500   +0.028390    0.000000    0.000000   0.000000   0.000000
  +6.50   +0.911600   +0.028930    0.000000    0.000000   0.000000   0.000000
  +6.75   +0.918700   +0.029270    0.000000    0.000000   0.000000   0.000000
  +7.00   +0.935700   +0.029420    0.000000    0.000000   0.000000   0.000000
  +7.25   +0.944500   +0.029840    0.000000    0.000000   0.000000   0.000000
  +7.50   +0.939400   +0.030520    0.000000    0.000000   0.000000   0.000000
  +7.75   +0.945800   +0.030960    0.000000    0.000000   0.000000   0.000000
  +8.00   +0.964500   +0.031130    0.000000    0.000000   0.000000   0.000000
  +8.25   +0.969000   +0.031690    0.000000    0.000000   0.000000   0.000000
  +8.50   +0.960600   +0.032610    0.000000    0.000000   0.000000   0.000000
  +8.75   +0.968700   +0.033170    0.000000    0.000000   0.000000   0.000000
  +9.00   +0.991600   +0.033320    0.000000    0.000000   0.000000   0.000000
