xflr5 v6.48

 Calculated polar for: NACA 0015

 1 1 Reynolds number fixed          Mach number fixed

 xtrf =   1.000 (top)        1.000 (bottom)
 Mach =   0.000     Re =     0.100 e 6     Ncrit =   5.000

  alpha     CL        CD       CDp       Cm    Top Xtr Bot Xtr   Cpmin    Chinge    XCp
  -8.75   -0.900600   +0.025410    0.000000    0.000000   0.000000   0.000000
  -8.50   -0.886500   +0.024760    0.000000    0.000000   0.000000   0.000000
  -8.25   -0.872900   +0.024080    0.000000    0.000000   0.000000   0.000000
  -8.00   -0.859300   +0.023450    0.000000    0.000000   0.000000   0.000000
  -7.75   -0.844500   +0.022870    0.000000    0.000000   0.000000   0.000000
  -7.50   -0.830300   +0.022300    0.000000    0.000000   0.000000   0.000000
  -7.25   -0.815400   +0.021760    0.000000    0.000000   0.000000   0.000000
  -7.00   -0.799800   +0.021270    0.000000    0.000000   0.000000   0.000000
  -6.75   -0.784900   +0.020760    0.000000    0.000000   0.000000   0.000000
  -6.50   -0.768800   +0.020330    0.000000    0.000000   0.000000   0.000000
  -6.25   -0.752700   +0.019910    0.000000    0.000000   0.000000   0.000000
  -6.00   -0.736700   +0.019490    0.000000    0.000000   0.000000   0.000000
  -5.75   -0.719800   +0.019130    0.000000    0.000000   0.000000   0.000000
  -5.50   -0.702300   +0.018820    0.000000    0.000000   0.000000   0.000000
  -5.25   -0.685300   +0.018490    0.000000    0.000000   0.000000   0.000000
  -5.00   -0.666200   +0.018200    0.000000    0.000000   0.000000   0.000000
  -4.75   -0.628800   +0.017910    0.000000    0.000000   0.000000   0.000000
  -4.50   -0.593000   +0.017620    0.000000    0.000000   0.000000   0.000000
  -4.25   -0.554500   +0.017380    0.000000    0.000000   0.000000   0.000000
  -4.00   -0.521000   +0.017130    0.000000    0.000000   0.000000   0.000000
  -3.75   -0.482000   +0.016910    0.000000    0.000000   0.000000   0.000000
  -3.50   -0.449600   +0.016680    0.000000    0.000000   0.000000   0.000000
  -3.25   -0.411200   +0.016450    0.000000    0.000000   0.000000   0.000000
  -3.00   -0.377400   +0.016250    0.000000    0.000000   0.000000   0.000000
  -2.75   -0.342500   +0.016040    0.000000    0.000000   0.000000   0.000000
  -2.50   -0.308400   +0.015850    0.000000    0.000000   0.000000   0.000000
  -2.25   -0.276800   +0.015660    0.000000    0.000000   0.000000   0.000000
  -2.00   -0.242600   +0.015470    0.000000    0.000000   0.000000   0.000000
  -1.75   -0.212700   +0.015320    0.000000    0.000000   0.000000   0.000000
  -1.50   -0.180300   +0.015160    0.000000    0.000000   0.000000   0.000000
  -1.25   -0.150700   +0.015040    0.000000    0.000000   0.000000   0.000000
  -1.00   -0.119700   +0.014930    0.000000    0.000000   0.000000   0.000000
  -0.75   -0.088800   +0.014820    0.000000    0.000000   0.000000   0.000000
  -0.50   -0.061100   +0.014760    0.000000    0.000000   0.000000   0.000000
  -0.25   -0.028200   +0.014710    0.000000    0.000000   0.000000   0.000000
  +0.00   +0.000000   +0.014710    0.000000    0.000000   0.000000   0.000000
  +0.25   +0.028200   +0.014710    0.000000    0.000000   0.000000   0.000000
  +0.50   +0.061100   +0.014760    0.000000    0.000000   0.000000   0.000000
  +0.75   +0.088800   +0.014820    0.000000    0.000000   0.000000   0.000000
  +1.00   +0.119700   +0.014930    0.000000    0.000000   0.000000   0.000000
  +1.25   +0.150600   +0.015040    0.000000    0.000000   0.000000   0.000000
  +1.50   +0.180300   +0.015160    0.000000    0.000000   0.000000   0.000000
  +1.75   +0.212700   +0.015320    0.000000    0.000000   0.000000   0.000000
  +2.00   +0.242600   +0.015470    0.000000    0.000000   0.000000   0.000000
  +2.25   +0.276800   +0.015660    0.000000    0.000000   0.000000   0.000000
  +2.50   +0.308400   +0.015840    0.000000    0.000000   0.000000   0.000000
  +2.75   +0.342500   +0.016030    0.000000    0.000000   0.000000   0.000000
  +3.00   +0.377400   +0.016240    0.000000    0.000000   0.000000   0.000000
  +3.25   +0.411200   +0.016450    0.000000    0.000000   0.000000   0.000000
  +3.50   +0.449500   +0.016680    0.000000    0.000000   0.000000   0.000000
  +3.75   +0.482000   +0.016910    0.000000    0.000000   0.000000   0.000000
  +4.00   +0.521000   +0.017120    0.000000    0.000000   0.000000   0.000000
  +4.25   +0.554500   +0.017380    0.000000    0.000000   0.000000   0.000000
  +4.50   +0.593000   +0.017620    0.000000    0.000000   0.000000   0.000000
  +4.75   +0.628800   +0.017910    0.000000    0.000000   0.000000   0.000000
  +5.00   +0.666200   +0.018200    0.000000    0.000000   0.000000   0.000000
  +5.25   +0.685200   +0.018490    0.000000    0.000000   0.000000   0.000000
  +5.50   +0.702100   +0.018820    0.000000    0.000000   0.000000   0.000000
  +5.75   +0.719600   +0.019130    0.000000    0.000000   0.000000   0.000000
  +6.00   +0.736600   +0.019490    0.000000    0.000000   0.000000   0.000000
  +6.25   +0.752600   +0.019900    0.000000    0.000000   0.000000   0.000000
  +6.50   +0.768600   +0.020320    0.000000    0.000000   0.000000   0.000000
  +6.75   +0.784800   +0.020760    0.000000    0.000000   0.000000   0.000000
  +7.00   +0.799700   +0.021270    0.000000    0.000000   0.000000   0.000000
  +7.25   +0.815300   +0.021750    0.000000    0.000000   0.000000   0.000000
  +7.50   +0.830200   +0.022300    0.000000    0.000000   0.000000   0.000000
  +7.75   +0.844500   +0.022870    0.000000    0.000000   0.000000   0.000000
  +8.00   +0.859300   +0.023450    0.000000    0.000000   0.000000   0.000000
  +8.25   +0.872900   +0.024080    0.000000    0.000000   0.000000   0.000000
  +8.50   +0.886500   +0.024760    0.000000    0.000000   0.000000   0.000000
  +8.75   +0.900700   +0.025400    0.000000    0.000000   0.000000   0.000000
