xflr5 v6.48

 Calculated polar for: NACA 4412

 1 1 Reynolds number fixed          Mach number fixed

 xtrf =   1.000 (top)        1.000 (bottom)
 Mach =   0.000     Re =     0.090 e 6     Ncrit =   5.000

  alpha     CL        CD       CDp       Cm    Top Xtr Bot Xtr   Cpmin    Chinge    XCp
  -9.00   -0.373800   +0.092460    0.000000    0.000000   0.000000   0.000000
  -8.75   -0.386200   +0.089400    0.000000    0.000000   0.000000   0.000000
  -8.50   -0.402600   +0.086550    0.000000    0.000000   0.000000   0.000000
  -8.25   -0.423900   +0.084010    0.000000    0.000000   0.000000   0.000000
  -8.00   -0.447500   +0.081310    0.000000    0.000000   0.000000   0.000000
  -7.75   -0.450000   +0.073850    0.000000    0.000000   0.000000   0.000000
  -7.50   -0.444600   +0.060790    0.000000    0.000000   0.000000   0.000000
  -7.25   -0.443100   +0.046170    0.000000    0.000000   0.000000   0.000000
  -7.00   -0.424400   +0.038480    0.000000    0.000000   0.000000   0.000000
  -6.75   -0.395600   +0.033940    0.000000    0.000000   0.000000   0.000000
  -6.50   -0.370400   +0.032700    0.000000    0.000000   0.000000   0.000000
  -6.25   -0.337500   +0.031820    0.000000    0.000000   0.000000   0.000000
  -6.00   -0.301400   +0.029690    0.000000    0.000000   0.000000   0.000000
  -5.75   -0.274900   +0.027840    0.000000    0.000000   0.000000   0.000000
  -5.50   -0.243300   +0.026620    0.000000    0.000000   0.000000   0.000000
  -5.25   -0.206400   +0.025490    0.000000    0.000000   0.000000   0.000000
  -5.00   -0.167100   +0.024400    0.000000    0.000000   0.000000   0.000000
  -4.75   -0.144400   +0.023830    0.000000    0.000000   0.000000   0.000000
  -4.50   -0.109100   +0.022990    0.000000    0.000000   0.000000   0.000000
  -4.25   -0.072000   +0.022050    0.000000    0.000000   0.000000   0.000000
  -4.00   -0.045900   +0.021540    0.000000    0.000000   0.000000   0.000000
  -3.75   -0.015200   +0.020990    0.000000    0.000000   0.000000   0.000000
  -3.50   +0.020100   +0.020330    0.000000    0.000000   0.000000   0.000000
  -3.25   +0.049700   +0.019880    0.000000    0.000000   0.000000   0.000000
  -3.00   +0.076500   +0.019490    0.000000    0.000000   0.000000   0.000000
  -2.75   +0.109400   +0.019000    0.000000    0.000000   0.000000   0.000000
  -2.50   +0.142800   +0.018550    0.000000    0.000000   0.000000   0.000000
  -2.25   +0.166400   +0.018300    0.000000    0.000000   0.000000   0.000000
  -2.00   +0.198400   +0.017870    0.000000    0.000000   0.000000   0.000000
  -1.75   +0.229300   +0.017490    0.000000    0.000000   0.000000   0.000000
  -1.50   +0.254800   +0.017230    0.000000    0.000000   0.000000   0.000000
  -1.25   +0.285700   +0.016780    0.000000    0.000000   0.000000   0.000000
  -1.00   +0.313400   +0.016280    0.000000    0.000000   0.000000   0.000000
  -0.75   +0.335100   +0.015700    0.000000    0.000000   0.000000   0.000000
  -0.50   +0.366300   +0.015010    0.000000    0.000000   0.000000   0.000000
  -0.25   +0.413800   +0.014880    0.000000    0.000000   0.000000   0.000000
  +0.00   +0.441200   +0.014920    0.000000    0.000000   0.000000   0.000000
  +0.25   +0.472200   +0.014900    0.000000    0.000000   0.000000   0.000000
  +0.50   +0.495900   +0.015050    0.000000    0.000000   0.000000   0.000000
  +0.75   +0.525100   +0.015080    0.000000    0.000000   0.000000   0.000000
  +1.00   +0.551400   +0.015210    0.000000    0.000000   0.000000   0.000000
  +1.25   +0.577900   +0.015340    0.000000    0.000000   0.000000   0.000000
  +1.75   +0.631800   +0.015630    0.000000    0.000000   0.000000   0.000000
  +2.00   +0.659100   +0.015770    0.000000    0.000000   0.000000   0.000000
  +2.25   +0.686700   +0.015940    0.000000    0.000000   0.000000   0.000000
  +2.50   +0.711500   +0.016180    0.000000    0.000000   0.000000   0.000000
  +2.75   +0.738900   +0.016360    0.000000    0.000000   0.000000   0.000000
  +3.00   +0.765600   +0.016580    0.000000    0.000000   0.000000   0.000000
  +3.25   +0.790400   +0.016850    0.000000    0.000000   0.000000   0.000000
  +3.50   +0.817300   +0.017070    0.000000    0.000000   0.000000   0.000000
  +3.75   +0.844200   +0.017330    0.000000    0.000000   0.000000   0.000000
  +4.00   +0.868300   +0.017630    0.000000    0.000000   0.000000   0.000000
  +4.25   +0.894400   +0.017890    0.000000    0.000000   0.000000   0.000000
  +4.50   +0.921900   +0.018160    0.000000    0.000000   0.000000   0.000000
  +4.75   +0.945000   +0.018510    0.000000    0.000000   0.000000   0.000000
  +5.00   +0.970000   +0.018810    0.000000    0.000000   0.000000   0.000000
  +5.25   +0.997400   +0.019090    0.000000    0.000000   0.000000   0.000000
  +5.50   +1.020100   +0.019470    0.000000    0.000000   0.000000   0.000000
  +5.75   +1.043900   +0.019800    0.000000    0.000000   0.000000   0.000000
  +6.00   +1.070300   +0.020100    0.000000    0.000000   0.000000   0.000000
  +6.25   +1.092400   +0.020490    0.000000    0.000000   0.000000   0.000000
  +6.50   +1.115100   +0.020830    0.000000    0.000000   0.000000   0.000000
  +6.75   +1.140400   +0.021140    0.000000    0.000000   0.000000   0.000000
  +7.00   +1.159700   +0.021540    0.000000    0.000000   0.000000   0.000000
  +7.25   +1.182500   +0.021820    0.000000    0.000000   0.000000   0.000000
  +7.50   +1.200600   +0.022220    0.000000    0.000000   0.000000   0.000000
  +7.75   +1.221000   +0.022530    0.000000    0.000000   0.000000   0.000000
  +8.00   +1.237100   +0.022960    0.000000    0.000000   0.000000   0.000000
  +8.25   +1.253800   +0.023380    0.000000    0.000000   0.000000   0.000000
  +8.50   +1.268700   +0.023850    0.000000    0.000000   0.000000   0.000000
  +8.75   +1.281800   +0.024410    0.000000    0.000000   0.000000   0.000000
  +9.00   +1.293300   +0.025060    0.000000    0.000000   0.000000   0.000000
